0001 603 221 168 52
0002 602 219 171 55
0003 602 219 171 55
0004 601 218 172 55
0005 601 217 171 55
0006 601 217 171 55
0007 600 217 173 54
0008 600 216 172 55
0009 599 216 173 55
0010 599 215 174 55
0011 598 215 174 55
0012 598 215 175 54
0013 597 214 176 54
0014 597 214 175 54
0015 597 214 175 54
0016 597 214 174 54
0017 596 213 174 55
0018 595 214 172 54
0019 595 214 170 54
0020 595 214 170 54
0021 594 214 171 54
0022 593 214 172 53
0023 593 214 171 54
0024 593 214 171 54
0025 592 214 172 54
0026 591 214 172 54
0027 591 214 171 54
0028 590 215 171 53
0029 590 215 171 53
0030 590 215 171 53
0031 589 215 172 53
0032 589 215 171 53
0033 588 215 170 54
0034 588 215 170 54
0035 587 216 170 53
0036 587 216 169 53
0037 586 216 170 53
0038 585 216 172 54
0039 585 216 173 54
0040 584 216 175 54
0041 584 216 175 55
0042 583 216 176 55
0043 583 217 176 53
0044 583 217 176 54
0045 582 217 176 53
0046 581 217 179 53
0047 581 217 179 54
0048 580 217 180 54
0049 580 217 179 54
0050 580 217 178 54
0051 579 217 180 53
0052 578 217 179 53
0053 578 217 179 54
0054 577 217 180 54
0055 577 218 180 53
0056 576 218 181 53
0057 576 218 181 53
0058 575 219 182 51
0059 574 218 182 53
0060 574 218 181 53
0061 573 218 182 53
0062 573 218 181 53
0063 572 219 181 52
0064 572 218 180 53
0065 571 219 182 51
0066 570 219 182 51
0067 570 219 182 51
0068 569 219 182 51
0069 569 219 180 51
0070 568 219 182 51
0071 567 219 182 51
0072 567 219 182 51
0073 567 220 182 50
0074 566 220 181 50
0075 565 220 182 50
0076 565 220 182 50
0077 564 219 182 51
0078 564 219 181 51
0079 563 219 181 51
0080 563 220 181 50
0081 562 220 181 51
0082 561 220 181 51
0083 561 220 181 51
0084 560 220 180 51
0085 560 220 179 52
0086 560 220 179 52
0087 559 220 180 52
0088 559 220 179 52
0089 558 220 180 51
0090 558 220 179 51
0091 557 220 179 51
0092 557 220 175 49
0093 556 219 177 49
0094 556 219 177 49
0095 555 219 176 49
0096 554 219 170 49
0097 554 219 169 49
0098 554 219 169 49
0099 553 219 170 48
0100 552 219 171 48
0101 552 219 171 48
0102 551 219 172 48
0103 551 219 172 48
0104 550 219 173 47
0105 550 219 173 47
0106 550 219 172 47
0107 549 218 173 48
0108 549 218 173 48
0109 548 218 171 48
0110 548 218 171 48
0111 548 219 171 46
0112 547 218 172 47
0113 547 218 172 48
0114 546 218 170 48
0115 546 218 170 48
0116 545 218 171 49
0117 545 218 171 48
0118 545 218 170 49
0119 544 218 171 49
0120 544 218 171 49
0121 543 218 172 49
0122 543 218 170 49
0123 543 218 170 50
0124 542 218 171 50
0125 542 218 171 50
0126 542 218 171 50
0127 541 218 171 50
0128 541 218 171 50
0129 541 218 171 51
0130 540 218 172 51
0131 540 218 172 51
0132 539 218 172 51
0133 539 218 171 51
0134 538 219 172 50
0135 538 219 168 50
0136 538 219 168 50
0137 538 219 168 51
0138 537 219 169 51
0139 537 219 169 52
0140 536 219 170 52
0141 536 219 170 52
0142 536 219 169 52
0143 536 219 169 52
0144 535 219 167 52
0145 535 219 167 52
0146 535 219 167 52
0147 534 220 168 51
0148 534 219 168 52
0149 534 220 166 51
0150 534 220 166 51
0151 533 219 166 52
0152 533 219 166 52
0153 532 219 167 52
0154 532 219 167 51
0155 531 219 167 51
0156 531 219 168 50
0157 530 218 166 51
0158 530 218 166 50
0159 530 218 166 50
0160 530 218 167 50
0161 530 218 166 50
0162 529 218 166 49
0163 529 218 166 49
0164 528 218 166 49
0165 528 218 165 48
0166 528 218 163 49
0167 527 217 164 49
0168 527 217 163 49
0169 526 217 164 49
0170 526 217 164 49
0171 526 217 164 48
0172 524 217 164 49
0173 523 217 164 48
0174 523 217 163 48
0175 523 217 161 48
0176 523 217 160 48
0177 522 217 160 48
0178 521 217 160 48
0179 521 217 159 48
0180 520 217 160 48
0181 520 217 160 48
0182 519 217 160 49
0183 518 217 160 49
0184 518 217 159 49
0185 518 217 158 49
0186 518 218 157 48
0187 517 218 158 48
0188 516 219 157 47
0189 516 219 156 47
0190 516 218 154 48
0191 515 219 154 47
0192 515 219 153 47
0193 514 219 153 47
0194 514 219 151 47
0195 513 219 152 47
0196 512 219 152 47
0197 512 220 152 46
0198 511 220 152 46
0199 511 220 150 47
0200 511 220 150 47
0201 510 220 150 47
0202 510 221 149 46
0203 509 221 150 46
0204 509 221 150 47
0205 509 221 148 47
0206 508 222 148 46
0207 508 222 148 47
0208 507 221 146 48
0209 507 221 146 48
0210 506 221 145 48
0211 506 221 144 49
0212 505 221 144 50
0213 505 221 142 50
0214 504 222 140 48
0215 504 222 141 49
0216 504 221 141 50
0217 503 221 142 50
0218 503 221 142 44
0219 502 221 141 44
0220 502 221 141 44
0221 502 221 141 44
0222 501 222 142 43
0223 501 221 141 44
0224 501 222 141 43
0225 500 221 141 44
0226 500 221 141 44
0227 499 221 139 44
